[gd_scene load_steps=9 format=3 uid="uid://djkncdwh507k1"]

[ext_resource type="PackedScene" uid="uid://crersi2gg0o1o" path="res://scenes/levels/race/_base/RaceBase.tscn" id="1_ecs37"]
[ext_resource type="PackedScene" uid="uid://dp430o1purg1h" path="res://assets/course/wicked-woods/wicked_woods.tscn" id="2_cairb"]
[ext_resource type="PackedScene" uid="uid://bdqjcdostqotu" path="res://scenes/control/checkpoint.tscn" id="3_02dhb"]
[ext_resource type="Script" path="res://scenes/control/Water.gd" id="3_6mpm6"]
[ext_resource type="PackedScene" uid="uid://hrarg7jikf1q" path="res://scenes/objects/item_pickup.tscn" id="5_6gkg7"]
[ext_resource type="PackedScene" uid="uid://camku2r2888iy" path="res://scenes/items/GreenShell.tscn" id="6_il0fm"]
[ext_resource type="PackedScene" uid="uid://c751hrd13mc7e" path="res://scenes/items/Book.tscn" id="7_80i8t"]

[sub_resource type="BoxShape3D" id="BoxShape3D_ubem1"]
size = Vector3(300, 33.77, 141.27)

[node name="RaceBase" instance=ExtResource("1_ecs37")]

[node name="Course" parent="." index="0"]
metadata/_edit_group_ = true

[node name="DirectionalLight3D" type="DirectionalLight3D" parent="Course" index="0"]
transform = Transform3D(-0.764252, 0.474445, 0.436831, 0.374999, -0.224144, 0.899519, 0.524685, 0.851271, -0.00661415, -15.5561, 248.104, 15.5561)
light_color = Color(1, 0.922912, 0.91767, 1)
shadow_enabled = true
shadow_opacity = 0.75
directional_shadow_blend_splits = true
directional_shadow_max_distance = 500.0

[node name="WickedWoods" parent="Course" index="1" instance=ExtResource("2_cairb")]

[node name="Water" type="Area3D" parent="Course" index="2"]
transform = Transform3D(5, 0, 0, 0, 5, 0, 0, 0, 5, 0, 0, 0)
collision_layer = 2
collision_mask = 14
script = ExtResource("3_6mpm6")

[node name="CollisionShape3D" type="CollisionShape3D" parent="Course/Water" index="0"]
transform = Transform3D(1, 0, 0, 0, 1, 0, 0, 0, 1, 0, 0, -79.365)
shape = SubResource("BoxShape3D_ubem1")

[node name="ItemPickup" parent="Objects" index="0" instance=ExtResource("5_6gkg7")]
transform = Transform3D(1, 0, 0, 0, 1, 0, 0, 0, 1, -2.92572, 101.158, -15.4808)

[node name="ItemPickup3" parent="Objects" index="1" instance=ExtResource("5_6gkg7")]
transform = Transform3D(1, 0, 0, 0, 1, 0, 0, 0, 1, 3.16321, 101.107, -15.4181)

[node name="ItemPickup2" parent="Objects" index="2" instance=ExtResource("5_6gkg7")]
transform = Transform3D(1, 0, 0, 0, 1, 0, 0, 0, 1, -0.0751808, 101.39, -13.2316)

[node name="ItemPickup4" parent="Objects" index="3" instance=ExtResource("5_6gkg7")]
transform = Transform3D(1, 0, 0, 0, 1, 0, 0, 0, 1, 6.24771, 101.335, -13.2208)

[node name="ItemPickup5" parent="Objects" index="4" instance=ExtResource("5_6gkg7")]
transform = Transform3D(1, 0, 0, 0, 1, 0, 0, 0, 1, 9.29269, 101.05, -15.3974)

[node name="ItemPickup6" parent="Objects" index="5" instance=ExtResource("5_6gkg7")]
transform = Transform3D(1, 0, 0, 0, 1, 0, 0, 0, 1, 1.03078, 79.6775, 62.2938)
guaranteed_item = ExtResource("6_il0fm")

[node name="ItemPickup7" parent="Objects" index="6" instance=ExtResource("5_6gkg7")]
transform = Transform3D(0.554685, 0, 0.832061, 0, 1, 0, -0.832061, 0, 0.554685, -8.42798, 139.596, -233.489)

[node name="ItemPickup8" parent="Objects" index="7" instance=ExtResource("5_6gkg7")]
transform = Transform3D(0.554685, 0, 0.832061, 0, 1, 0, -0.832061, 0, 0.554685, -4.73697, 139.841, -233.752)

[node name="ItemPickup9" parent="Objects" index="8" instance=ExtResource("5_6gkg7")]
transform = Transform3D(0.554685, 0, 0.832061, 0, 1, 0, -0.832061, 0, 0.554685, -4.73792, 139.964, -236.987)

[node name="ItemPickup10" parent="Objects" index="9" instance=ExtResource("5_6gkg7")]
transform = Transform3D(0.554685, 0, 0.832061, 0, 1, 0, -0.832061, 0, 0.554685, -0.867545, 139.581, -237.586)

[node name="ItemPickup11" parent="Objects" index="10" instance=ExtResource("5_6gkg7")]
transform = Transform3D(0.554685, 0, 0.832061, 0, 1, 0, -0.832061, 0, 0.554685, -1.78982, 140.175, -240.774)

[node name="ItemPickup12" parent="Objects" index="11" instance=ExtResource("5_6gkg7")]
transform = Transform3D(-0.847909, 0, 0.530141, 0, 1, 0, -0.530141, 0, -0.847909, 22.2493, 176.537, -271.222)

[node name="ItemPickup13" parent="Objects" index="12" instance=ExtResource("5_6gkg7")]
transform = Transform3D(-0.847909, 0, 0.530141, 0, 1, 0, -0.530141, 0, -0.847909, 20.0069, 176.5, -272.704)

[node name="ItemPickup14" parent="Objects" index="13" instance=ExtResource("5_6gkg7")]
transform = Transform3D(-0.847909, 0, 0.530141, 0, 1, 0, -0.530141, 0, -0.847909, 17.5761, 176.584, -274.209)

[node name="ItemPickup15" parent="Objects" index="14" instance=ExtResource("5_6gkg7")]
transform = Transform3D(-0.847909, 0, 0.530141, 0, 1, 0, -0.530141, 0, -0.847909, 15.1847, 176.805, -275.728)

[node name="ItemPickup16" parent="Objects" index="15" instance=ExtResource("5_6gkg7")]
transform = Transform3D(-0.64419, 0, -0.764865, 0, 1, 0, 0.764865, 0, -0.64419, -159.825, 83.168, 3.19319)

[node name="ItemPickup17" parent="Objects" index="16" instance=ExtResource("5_6gkg7")]
transform = Transform3D(-0.64419, 0, -0.764865, 0, 1, 0, 0.764865, 0, -0.64419, -163.932, 83.4233, 3.53705)

[node name="ItemPickup18" parent="Objects" index="17" instance=ExtResource("5_6gkg7")]
transform = Transform3D(-0.64419, 0, -0.764865, 0, 1, 0, 0.764865, 0, -0.64419, -163.638, 83.8645, 7.54274)

[node name="ItemPickup19" parent="Objects" index="18" instance=ExtResource("5_6gkg7")]
transform = Transform3D(-0.64419, 0, -0.764865, 0, 1, 0, 0.764865, 0, -0.64419, -167.75, 84.2576, 8.50441)

[node name="ItemPickup20" parent="Objects" index="19" instance=ExtResource("5_6gkg7")]
transform = Transform3D(-0.64419, 0, -0.764865, 0, 1, 0, 0.764865, 0, -0.64419, -167.394, 84.5971, 12.0905)

[node name="ItemPickup21" parent="Objects" index="20" instance=ExtResource("5_6gkg7")]
transform = Transform3D(-0.64419, 0, -0.764865, 0, 1, 0, 0.764865, 0, -0.64419, -171.06, 84.7488, 12.3882)

[node name="Checkpoints" parent="." index="2"]
visible = false

[node name="Checkpoint" parent="Checkpoints" index="0" instance=ExtResource("3_02dhb")]
transform = Transform3D(-1, 0, 8.74228e-08, -3.55271e-15, 1, 0, -8.74228e-08, 0, -1, 0, 83.2, 67)
is_key = true

[node name="Checkpoint2" parent="Checkpoints" index="1" instance=ExtResource("3_02dhb")]
transform = Transform3D(-1, 0, 8.74228e-08, 6.18173e-08, 0.707107, 0.707107, -6.18173e-08, 0.707107, -0.707107, 0, 94, 41)

[node name="Checkpoint3" parent="Checkpoints" index="2" instance=ExtResource("3_02dhb")]
transform = Transform3D(-1, 6.18172e-08, 6.18173e-08, 6.18172e-08, 1, 1.49012e-08, -6.18172e-08, 1.49012e-08, -1, 0, 105, 20)

[node name="Checkpoint4" parent="Checkpoints" index="3" instance=ExtResource("3_02dhb")]
transform = Transform3D(-1, 7.57104e-08, 4.37114e-08, 6.18172e-08, 0.965926, -0.258819, -6.18172e-08, -0.258819, -0.965926, 2.41087e-06, 100, -24)
is_key = true

[node name="Checkpoint5" parent="Checkpoints" index="4" instance=ExtResource("3_02dhb")]
transform = Transform3D(-1, 6.18172e-08, 6.18173e-08, 6.18172e-08, 1, 0, -6.18172e-08, 0, -1, 7.00001, 90.7877, -98.7619)

[node name="Checkpoint6" parent="Checkpoints" index="5" instance=ExtResource("3_02dhb")]
transform = Transform3D(-1, 6.18172e-08, 6.18173e-08, 6.18172e-08, 1, 0, -6.18172e-08, 0, -1, 2.00001, 88.7877, -173.762)

[node name="Checkpoint7" parent="Checkpoints" index="6" instance=ExtResource("3_02dhb")]
transform = Transform3D(-1, 6.18172e-08, 6.18173e-08, 6.18172e-08, 1, 0, -6.18172e-08, 0, -1, 1.00001, 88.7877, -199.762)

[node name="Checkpoint8" parent="Checkpoints" index="7" instance=ExtResource("3_02dhb")]
transform = Transform3D(-0.866025, 5.35353e-08, -0.5, 6.18172e-08, 1, -4.39238e-22, 0.5, -3.09086e-08, -0.866025, -6.99999, 88.7877, -226.762)

[node name="Checkpoint9" parent="Checkpoints" index="8" instance=ExtResource("3_02dhb")]
transform = Transform3D(-0.965926, 5.97109e-08, 0.258819, 0.0669874, 0.965926, 0.25, -0.25, 0.258819, -0.933013, -21, 92.7877, -252.762)

[node name="Checkpoint10" parent="Checkpoints" index="9" instance=ExtResource("3_02dhb")]
transform = Transform3D(-0.00851852, -0.25, 0.968208, 0.0669874, 0.965926, 0.25, -0.997717, 0.0669874, 0.00851858, -0.999992, 99.7877, -265.762)

[node name="Checkpoint11" parent="Checkpoints" index="10" instance=ExtResource("3_02dhb")]
transform = Transform3D(0.258819, 0, 0.965926, 0, 1, 0, -0.965926, 0, 0.258819, 43, 109.788, -260.762)

[node name="Checkpoint12" parent="Checkpoints" index="11" instance=ExtResource("3_02dhb")]
transform = Transform3D(0.866025, -0.129409, 0.482963, 0, 0.965926, 0.258819, -0.5, -0.224144, 0.836516, 81, 114.788, -252.762)
is_key = true

[node name="Checkpoint13" parent="Checkpoints" index="12" instance=ExtResource("3_02dhb")]
transform = Transform3D(0.866025, -0.129409, 0.482963, 0, 0.965926, 0.258819, -0.5, -0.224144, 0.836516, 98.3323, 124.966, -230.899)

[node name="Checkpoint14" parent="Checkpoints" index="13" instance=ExtResource("3_02dhb")]
transform = Transform3D(0.965926, 0, -0.258819, 0, 1, 0, 0.258819, 0, 0.965925, 105.499, 132.956, -215.885)

[node name="Checkpoint15" parent="Checkpoints" index="14" instance=ExtResource("3_02dhb")]
transform = Transform3D(0.258819, 0.25, -0.933012, 7.45058e-09, 0.965925, 0.258819, 0.965926, -0.0669873, 0.25, 89.4987, 137.956, -201.885)

[node name="Checkpoint16" parent="Checkpoints" index="15" instance=ExtResource("3_02dhb")]
transform = Transform3D(-0.258819, 0, -0.965925, 0, 1, 0, 0.965926, 0, -0.258819, 63.4987, 140.956, -199.885)

[node name="Checkpoint17" parent="Checkpoints" index="16" instance=ExtResource("3_02dhb")]
transform = Transform3D(-0.5, 0, -0.866025, 0, 1, 0, 0.866025, 0, -0.5, 37.2487, 146.718, -213.353)
is_key = true

[node name="Checkpoint18" parent="Checkpoints" index="17" instance=ExtResource("3_02dhb")]
transform = Transform3D(-0.5, 0, -0.866025, 0, 1, 0, 0.866025, 0, -0.5, 12.2487, 143.718, -228.353)

[node name="Checkpoint19" parent="Checkpoints" index="18" instance=ExtResource("3_02dhb")]
transform = Transform3D(-0.5, 0, -0.866025, 0, 1, 0, 0.866025, 0, -0.5, -16.7513, 145.718, -248.353)

[node name="Checkpoint20" parent="Checkpoints" index="19" instance=ExtResource("3_02dhb")]
transform = Transform3D(-0.707107, 0, -0.707107, 0, 1, 0, 0.707107, 0, -0.707107, -38.7513, 146.718, -262.353)

[node name="Checkpoint21" parent="Checkpoints" index="20" instance=ExtResource("3_02dhb")]
transform = Transform3D(-0.866025, 0.129409, -0.482963, 0, 0.965925, 0.258819, 0.5, 0.224144, -0.836516, -50.8807, 150.752, -279.578)

[node name="Checkpoint22" parent="Checkpoints" index="21" instance=ExtResource("3_02dhb")]
transform = Transform3D(-0.707107, 0, 0.707107, 0, 1, 0, -0.707107, 0, -0.707107, -48.3371, 155.718, -299.939)

[node name="Checkpoint23" parent="Checkpoints" index="22" instance=ExtResource("3_02dhb")]
transform = Transform3D(-4.37114e-08, 0, 1, 0, 1, 0, -1, 0, -4.37114e-08, -30.7513, 156.718, -307.353)

[node name="Checkpoint24" parent="Checkpoints" index="23" instance=ExtResource("3_02dhb")]
transform = Transform3D(-0.258819, 0, 0.965925, 0, 1, 0, -0.965926, 0, -0.258819, -1.75133, 157.445, -299.889)
is_key = true

[node name="Checkpoint25" parent="Checkpoints" index="24" instance=ExtResource("3_02dhb")]
transform = Transform3D(-0.965926, 0, 0.258819, 0, 1, 0, -0.258819, 0, -0.965925, 13.9987, 159.343, -308.09)

[node name="Checkpoint26" parent="Checkpoints" index="25" instance=ExtResource("3_02dhb")]
transform = Transform3D(-0.965926, 0, 0.258819, 0, 1, 0, -0.258819, 0, -0.965925, 20.9987, 159.343, -347.09)

[node name="Checkpoint27" parent="Checkpoints" index="26" instance=ExtResource("3_02dhb")]
transform = Transform3D(-0.707107, -0.183013, 0.683012, 0, 0.965925, 0.258819, -0.707107, 0.183013, -0.683012, 31.9987, 161.343, -372.09)

[node name="Checkpoint28" parent="Checkpoints" index="27" instance=ExtResource("3_02dhb")]
transform = Transform3D(0.707107, -0.183013, 0.683012, 0, 0.965925, 0.258819, -0.707107, -0.183013, 0.683012, 54.9987, 170.798, -373.162)

[node name="Checkpoint29" parent="Checkpoints" index="28" instance=ExtResource("3_02dhb")]
transform = Transform3D(1, 0, 0, 0, 1, 0, 0, 0, 1, 63.9987, 173.798, -360.162)
is_key = true

[node name="Checkpoint30" parent="Checkpoints" index="29" instance=ExtResource("3_02dhb")]
transform = Transform3D(0.866025, 0, -0.5, 0, 1, 0, 0.5, 0, 0.866025, 59.9987, 174.798, -346.162)

[node name="Checkpoint31" parent="Checkpoints" index="30" instance=ExtResource("3_02dhb")]
transform = Transform3D(0.866025, 0, -0.5, 0, 1, 0, 0.5, 0, 0.866025, 51.9987, 174.798, -327.162)

[node name="Checkpoint32" parent="Checkpoints" index="31" instance=ExtResource("3_02dhb")]
transform = Transform3D(0.707107, 0, -0.707107, 0, 1, 0, 0.707107, 0, 0.707107, 34.9987, 174.798, -301.162)

[node name="Checkpoint33" parent="Checkpoints" index="32" instance=ExtResource("3_02dhb")]
transform = Transform3D(0.866025, 0, -0.5, 0, 1, 0, 0.5, 0, 0.866025, 18.9987, 177.798, -275.162)

[node name="Checkpoint34" parent="Checkpoints" index="33" instance=ExtResource("3_02dhb")]
transform = Transform3D(0.866025, 0, -0.5, 0, 1, 0, 0.5, 0, 0.866025, 6.99867, 179.798, -255.162)

[node name="Checkpoint35" parent="Checkpoints" index="34" instance=ExtResource("3_02dhb")]
transform = Transform3D(0.866025, 0, -0.5, 0, 1, 0, 0.5, 0, 0.866025, -5.00133, 180.798, -235.162)

[node name="Checkpoint36" parent="Checkpoints" index="35" instance=ExtResource("3_02dhb")]
transform = Transform3D(0.707107, -0.183013, -0.683012, 0, 0.965925, -0.258819, 0.707107, 0.183013, 0.683012, -15.0013, 180.798, -217.162)
is_key = true

[node name="Checkpoint37" parent="Checkpoints" index="36" instance=ExtResource("3_02dhb")]
transform = Transform3D(0.707107, -0.183013, -0.683013, 0, 0.965925, -0.258819, 0.707107, 0.183013, 0.683012, -29.0013, 173.798, -201.162)

[node name="Checkpoint38" parent="Checkpoints" index="37" instance=ExtResource("3_02dhb")]
transform = Transform3D(0.866025, -0.129409, -0.482963, 7.45058e-09, 0.965925, -0.258819, 0.5, 0.224144, 0.836516, -58.0013, 153.798, -174.162)

[node name="Checkpoint39" parent="Checkpoints" index="38" instance=ExtResource("3_02dhb")]
transform = Transform3D(0.866025, -0.25, -0.433013, 0, 0.866025, -0.5, 0.5, 0.433013, 0.75, -98.0013, 138.798, -124.162)

[node name="Checkpoint40" parent="Checkpoints" index="39" instance=ExtResource("3_02dhb")]
transform = Transform3D(0.707107, -0.183013, -0.683012, 0, 0.965925, -0.258819, 0.707107, 0.183013, 0.683012, -122.001, 87.7979, -82.1621)

[node name="Checkpoint41" parent="Checkpoints" index="40" instance=ExtResource("3_02dhb")]
transform = Transform3D(0.5, 0, -0.866025, 0, 1, 0, 0.866025, 0, 0.5, -151.001, 87.7979, -59.1621)
is_key = true

[node name="Checkpoint42" parent="Checkpoints" index="41" instance=ExtResource("3_02dhb")]
transform = Transform3D(0.965926, 0, -0.258819, 0, 1, 0, 0.258819, 0, 0.965925, -174.001, 84.7979, -36.1621)

[node name="Checkpoint43" parent="Checkpoints" index="42" instance=ExtResource("3_02dhb")]
transform = Transform3D(0.866025, 0, 0.5, 0, 1, 0, -0.5, 0, 0.866025, -175.001, 85.7979, -5.16211)

[node name="Checkpoint44" parent="Checkpoints" index="43" instance=ExtResource("3_02dhb")]
transform = Transform3D(0.707107, 0, 0.707107, 0, 1, 0, -0.707107, 0, 0.707107, -159.001, 85.7979, 15.8379)

[node name="Checkpoint45" parent="Checkpoints" index="44" instance=ExtResource("3_02dhb")]
transform = Transform3D(0.866025, 0, 0.5, 0, 1, 0, -0.5, 0, 0.866025, -148.001, 84.7979, 38.8379)

[node name="Checkpoint46" parent="Checkpoints" index="45" instance=ExtResource("3_02dhb")]
transform = Transform3D(0.5, 0, 0.866025, 0, 1, 0, -0.866025, 0, 0.5, -125.001, 84.7979, 59.8379)

[node name="Checkpoint47" parent="Checkpoints" index="46" instance=ExtResource("3_02dhb")]
transform = Transform3D(0.707107, 0, 0.707107, 0, 1, 0, -0.707107, 0, 0.707107, -98.0013, 85.7979, 71.8379)
is_key = true

[node name="Checkpoint48" parent="Checkpoints" index="47" instance=ExtResource("3_02dhb")]
transform = Transform3D(0.866025, 0, 0.5, 0, 1, 0, -0.5, 0, 0.866025, -76.0013, 85.7979, 94.8379)

[node name="Checkpoint49" parent="Checkpoints" index="48" instance=ExtResource("3_02dhb")]
transform = Transform3D(0.5, 0, 0.866025, 0, 1, 0, -0.866025, 0, 0.5, -61.0013, 83.7979, 124.838)

[node name="Checkpoint50" parent="Checkpoints" index="49" instance=ExtResource("3_02dhb")]
transform = Transform3D(-0.258819, 0, 0.965925, 0, 1, 0, -0.965926, 0, -0.258819, -31.0013, 82.7979, 129.838)

[node name="Checkpoint51" parent="Checkpoints" index="50" instance=ExtResource("3_02dhb")]
transform = Transform3D(-0.866025, 0, 0.5, 0, 1, 0, -0.5, 0, -0.866025, -12.0013, 83.7979, 116.838)

[node name="ItemPickup" parent="." index="10" instance=ExtResource("5_6gkg7")]
transform = Transform3D(1, 0, 0, 0, 1, 0, 0, 0, 1, 1.48975, 83.8293, 61.5996)
guaranteed_item = ExtResource("7_80i8t")

[connection signal="body_entered" from="Course/Water" to="Course/Water" method="_on_body_entered"]
[connection signal="body_exited" from="Course/Water" to="Course/Water" method="_on_body_exited"]
