[gd_scene load_steps=3 format=3 uid="uid://bg0hv35uda3j4"]

[ext_resource type="PackedScene" uid="uid://dp430o1purg1h" path="res://assets/course/wicked-woods/wicked_woods.tscn" id="1_7xfel"]
[ext_resource type="PackedScene" uid="uid://ds7es8al63u4p" path="res://scenes/vehicles/vehicle_4.tscn" id="2_211u2"]

[node name="V4Test" type="Node3D"]

[node name="WickedWoods" parent="." instance=ExtResource("1_7xfel")]

[node name="Vehicle4" parent="." instance=ExtResource("2_211u2")]
transform = Transform3D(0.0505581, 0, 0.998721, 0, 1, 0, -0.998721, 0, 0.0505581, -0.3777, 86.72, 80.1158)

[node name="Camera3D" type="Camera3D" parent="Vehicle4"]
transform = Transform3D(-4.37114e-08, 0.475624, -0.879649, 0, 0.879649, 0.475624, 1, 2.07902e-08, -3.84507e-08, -7.92, 4.535, 0)

[node name="DirectionalLight3D" type="DirectionalLight3D" parent="."]
transform = Transform3D(-0.764252, 0.474445, 0.436831, 0.374999, -0.224144, 0.899519, 0.524685, 0.851271, -0.00661415, -15.5561, 248.104, 15.5561)
light_color = Color(1, 0.922912, 0.91767, 1)
light_energy = 1.1
shadow_enabled = true
shadow_bias = 0.05
shadow_normal_bias = 1.0
shadow_opacity = 0.75
directional_shadow_blend_splits = true
directional_shadow_max_distance = 500.0
