[gd_scene load_steps=5 format=3 uid="uid://ds8yepq88e44b"]

[ext_resource type="PackedScene" uid="uid://crersi2gg0o1o" path="res://scenes/levels/race/_base/RaceBase.tscn" id="1_hobqc"]
[ext_resource type="PackedScene" uid="uid://dyt0ggrquc16l" path="res://assets/course/barn/barn_course.tscn" id="2_i7jnl"]
[ext_resource type="ArrayMesh" uid="uid://bisvfby5vgb3x" path="res://assets/course/barn/mesh/barn_map_Plane.res" id="2_wu7cg"]
[ext_resource type="PackedScene" uid="uid://bdqjcdostqotu" path="res://scenes/control/checkpoint.tscn" id="3_c8nyr"]

[node name="RaceBase" instance=ExtResource("1_hobqc")]

[node name="MapMesh" parent="Course" index="0"]
transform = Transform3D(1, 0, 0, 0, 1, 0, 0, 0, 1, 287.263, 0, 0)
mesh = ExtResource("2_wu7cg")

[node name="barn_course" type="Node3D" parent="Course" index="2" instance=ExtResource("2_i7jnl")]
transform = Transform3D(7, 0, 0, 0, 7, 0, 0, 0, 7, 0, 0, 0)

[node name="Checkpoint" parent="Checkpoints" index="0" instance=ExtResource("3_c8nyr")]
transform = Transform3D(-0.864941, 0, -0.501873, 0, 1, 0, 0.501873, 0, -0.864941, -0.524134, 0.129162, -0.189558)
is_key = true

[node name="Checkpoint11" parent="Checkpoints" index="1" instance=ExtResource("3_c8nyr")]
transform = Transform3D(-0.995197, 0, 0.0978956, 0, 1, 0, -0.0978956, 0, -0.995197, -22.1639, 0.129162, -54.9014)
is_key = true

[node name="Checkpoint2" parent="Checkpoints" index="2" instance=ExtResource("3_c8nyr")]
transform = Transform3D(-0.982041, 0, -0.188667, 0, 1, 0, 0.188667, 0, -0.982041, 8.96171, 0.578618, -132.114)

[node name="Checkpoint3" parent="Checkpoints" index="3" instance=ExtResource("3_c8nyr")]
transform = Transform3D(0.46376, 0, -0.885961, 0, 1, 0, 0.885961, 0, 0.46376, -111.211, 0.578618, -207.497)
is_key = true

[node name="Checkpoint4" parent="Checkpoints" index="4" instance=ExtResource("3_c8nyr")]
transform = Transform3D(0.996078, 0, 0.0884772, 0, 1, 0, -0.0884772, 0, 0.996078, -152.641, 0.578618, -150.104)

[node name="Checkpoint5" parent="Checkpoints" index="5" instance=ExtResource("3_c8nyr")]
transform = Transform3D(0.88685, 0, -0.462058, 0, 1, 0, 0.462058, 0, 0.88685, -171.831, 0.578618, -70.0781)

[node name="Checkpoint6" parent="Checkpoints" index="6" instance=ExtResource("3_c8nyr")]
transform = Transform3D(0.991806, 0, -0.127757, 0, 1, 0, 0.127757, 0, 0.991806, -221.235, 0.578618, -12.0999)

[node name="Checkpoint7" parent="Checkpoints" index="7" instance=ExtResource("3_c8nyr")]
transform = Transform3D(0.519981, 0, 0.854178, 0, 1, 0, -0.854178, 0, 0.519981, -187.754, 0.578618, 43.0202)
is_key = true

[node name="Checkpoint8" parent="Checkpoints" index="8" instance=ExtResource("3_c8nyr")]
transform = Transform3D(0.073064, 0, 0.997327, 0, 1, 0, -0.997327, 0, 0.073064, -118.752, 0.578618, 63.0267)

[node name="Checkpoint9" parent="Checkpoints" index="9" instance=ExtResource("3_c8nyr")]
transform = Transform3D(0.073064, 0, 0.997327, 0, 1, 0, -0.997327, 0, 0.073064, -24.4354, 0.578618, 72.0092)

[node name="Checkpoint10" parent="Checkpoints" index="10" instance=ExtResource("3_c8nyr")]
transform = Transform3D(-0.961016, 0, -0.276493, 0, 1, 0, 0.276493, 0, -0.961016, 15.986, 0.578618, 37.304)
is_key = true

[node name="MapCamera" parent="." index="11"]
transform = Transform3D(1, 0, 0, 0, -4.37114e-08, 1, 0, -1, -4.37114e-08, -147.708, 1000, -85.2142)
